0.000000000000000000e+00,3.169696969696969457e+00
1.001564945226917080e+00,3.090909090909090828e+00
2.003129890453834161e+00,2.963636363636363846e+00
3.004694835680751019e+00,2.842424242424242742e+00
4.006259780907668322e+00,2.763636363636363669e+00
5.007824726134585624e+00,2.787878787878788067e+00
6.009389671361502039e+00,2.884848484848485217e+00
7.010954616588419341e+00,2.969696969696969724e+00
8.012519561815336644e+00,3.109090909090909793e+00
9.014084507042253946e+00,3.084848484848485395e+00
1.001564945226917125e+01,3.018181818181817633e+00
1.101721439749608855e+01,3.218181818181818699e+00
1.201877934272300408e+01,3.587878787878789222e+00
1.302034428794992138e+01,4.054545454545453786e+00
1.402190923317683868e+01,4.533333333333333215e+00
1.502347417840375599e+01,4.915151515151515937e+00
1.602503912363067329e+01,4.024242424242423510e+00
1.702660406885759059e+01,4.060606060606060552e+00
1.802816901408450789e+01,4.157575757575757258e+00
1.902973395931142520e+01,4.236363636363637220e+00
2.003129890453834250e+01,4.333333333333332149e+00
2.103286384976525980e+01,4.393939393939393590e+00
2.203442879499217710e+01,4.381818181818180946e+00
2.303599374021909441e+01,4.412121212121212110e+00
2.403755868544600816e+01,3.581818181818181124e+00
2.503912363067292546e+01,3.496969696969697505e+00
2.604068857589984276e+01,3.454545454545453698e+00
2.704225352112676006e+01,3.278787878787878363e+00
2.804381846635367737e+01,3.060606060606061440e+00
2.904538341158059467e+01,2.739393939393939270e+00
3.004694835680751197e+01,2.478787878787878984e+00
3.104851330203442927e+01,2.327272727272727160e+00
3.205007824726134658e+01,2.030303030303030276e+00
3.305164319248826388e+01,1.836363636363636864e+00
3.405320813771518118e+01,1.642424242424242342e+00
3.505477308294209848e+01,1.739393939393939492e+00
3.605633802816901579e+01,1.957575757575757303e+00
3.705790297339593309e+01,2.157575757575757702e+00
3.805946791862285039e+01,2.218181818181818254e+00
3.906103286384976769e+01,2.321212121212120838e+00
4.006259780907668500e+01,3.054545454545455119e+00
4.106416275430360230e+01,3.375757575757575957e+00
4.206572769953051960e+01,3.678787878787878274e+00
4.306729264475743690e+01,4.193939393939393412e+00
4.406885758998435421e+01,4.636363636363636687e+00
4.507042253521127151e+01,4.896969696969695640e+00
4.607198748043818881e+01,5.109090909090908461e+00
4.707355242566510611e+01,5.199999999999999289e+00
4.807511737089201631e+01,4.945454545454544437e+00
4.907668231611893361e+01,4.896969696969696528e+00
5.007824726134585092e+01,4.872727272727272130e+00
5.107981220657276822e+01,5.054545454545453786e+00
5.208137715179968552e+01,5.278787878787878363e+00
5.308294209702660282e+01,5.272727272727272485e+00
5.408450704225352013e+01,5.121212121212120216e+00
5.508607198748043743e+01,4.987878787878788245e+00
5.608763693270735473e+01,5.412121212121211222e+00
5.708920187793427203e+01,5.212121212121212821e+00
5.809076682316118934e+01,4.806060606060605700e+00
5.909233176838810664e+01,4.387878787878786824e+00
6.009389671361502394e+01,3.963636363636362070e+00
6.109546165884194124e+01,3.606060606060605078e+00
6.209702660406885855e+01,3.284848484848484684e+00
6.309859154929577585e+01,3.187878787878787534e+00
6.410015649452269315e+01,2.769696969696969546e+00
6.510172143974961045e+01,2.533333333333332771e+00
6.610328638497652776e+01,2.254545454545454852e+00
6.710485133020344506e+01,1.981818181818182367e+00
6.810641627543036236e+01,1.763636363636364335e+00
6.910798122065727966e+01,1.636363636363636465e+00
7.010954616588419697e+01,1.587878787878788112e+00
7.111111111111111427e+01,1.690909090909090695e+00
7.211267605633803157e+01,1.339393939393938915e+00
7.311424100156494887e+01,1.412121212121211888e+00
7.411580594679186618e+01,1.684848484848485262e+00
7.511737089201878348e+01,2.012121212121212199e+00
7.611893583724570078e+01,2.260606060606060730e+00
7.712050078247261808e+01,2.551515151515151736e+00
7.812206572769953539e+01,2.763636363636363225e+00
7.912363067292645269e+01,2.872727272727272574e+00
8.012519561815336999e+01,2.315151515151515405e+00
8.112676056338028729e+01,2.139393939393939625e+00
8.212832550860720460e+01,2.024242424242424399e+00
8.312989045383412190e+01,1.951515151515151647e+00
8.413145539906103920e+01,1.957575757575757747e+00
8.513302034428795650e+01,2.006060606060605878e+00
8.613458528951487381e+01,2.151515151515151825e+00
8.713615023474179111e+01,2.369696969696969191e+00
8.813771517996870841e+01,2.127272727272727426e+00
8.913928012519562571e+01,2.115151515151514783e+00
9.014084507042254302e+01,2.066666666666666430e+00
9.114241001564946032e+01,2.072727272727272751e+00
9.214397496087637762e+01,2.036363636363636154e+00
9.314553990610329492e+01,1.987878787878787801e+00
9.414710485133021223e+01,1.987878787878787801e+00
9.514866979655712953e+01,1.981818181818182145e+00
9.615023474178403262e+01,1.703030303030302894e+00
9.715179968701094992e+01,1.642424242424242120e+00
9.815336463223786723e+01,1.593939393939393767e+00
9.915492957746478453e+01,1.636363636363636465e+00
1.001564945226917018e+02,1.733333333333333171e+00
1.011580594679186191e+02,1.909090909090909394e+00
1.021596244131455364e+02,2.054545454545454675e+00
1.031611893583724537e+02,2.266666666666666607e+00
1.041627543035993710e+02,2.212121212121212377e+00
1.051643192488262883e+02,2.151515151515151381e+00
1.061658841940532056e+02,2.103030303030303028e+00
1.071674491392801229e+02,2.115151515151515671e+00
1.081690140845070403e+02,2.181818181818182101e+00
1.091705790297339576e+02,2.412121212121212555e+00
1.101721439749608749e+02,2.539393939393938648e+00
1.111737089201877922e+02,2.636363636363635798e+00
1.121752738654147095e+02,2.854545454545453609e+00
1.131768388106416268e+02,2.884848484848482997e+00
1.141784037558685441e+02,3.012121212121210867e+00
1.151799687010954614e+02,3.078787878787877741e+00
1.161815336463223787e+02,3.078787878787877741e+00
1.171830985915492960e+02,3.145454545454545059e+00
1.181846635367762133e+02,3.236363636363635443e+00
1.191862284820031306e+02,3.381818181818181834e+00
1.201877934272300479e+02,3.672727272727272840e+00
1.211893583724569652e+02,3.836363636363635976e+00
1.221909233176838825e+02,4.109090909090907573e+00
1.231924882629107998e+02,4.303030303030302761e+00
1.241940532081377171e+02,4.369696969696969191e+00
1.251956181533646344e+02,4.624242424242424043e+00
1.261971830985915517e+02,4.927272727272727693e+00
1.271987480438184690e+02,5.363636363636366866e+00
1.282003129890453863e+02,5.878787878787881560e+00
1.292018779342722894e+02,5.890909090909095092e+00
1.302034428794992209e+02,6.084848484848490280e+00
1.312050078247261240e+02,6.321212121212125723e+00
1.322065727699530555e+02,6.660606060606061973e+00
1.332081377151799586e+02,6.945454545454545325e+00
1.342097026604068901e+02,7.200000000000000178e+00
1.352112676056337932e+02,7.436363636363637397e+00
1.362128325508607247e+02,7.539393939393936428e+00
1.372143974960876278e+02,7.618181818181816389e+00
1.382159624413145593e+02,7.612121212121210512e+00
1.392175273865414624e+02,7.618181818181818166e+00
1.402190923317683939e+02,7.478787878787878540e+00
1.412206572769952970e+02,7.175757575757577555e+00
1.422222222222222285e+02,6.987878787878788245e+00
1.432237871674491316e+02,6.878787878787875343e+00
1.442253521126760631e+02,7.175757575757574891e+00
1.452269170579029662e+02,6.933333333333331794e+00
1.462284820031298977e+02,6.769696969696970434e+00
1.472300469483568008e+02,6.666666666666666075e+00
1.482316118935837324e+02,6.424242424242423866e+00
1.492331768388106354e+02,6.321212121212120394e+00
1.502347417840375670e+02,6.169696969696968125e+00
1.512363067292644701e+02,6.133333333333332860e+00
1.522378716744914016e+02,5.769696969696971323e+00
1.532394366197183047e+02,5.454545454545455918e+00
1.542410015649452362e+02,5.036363636363636154e+00
1.552425665101721393e+02,4.581818181818182012e+00
1.562441314553990708e+02,4.381818181818180946e+00
1.572456964006259739e+02,4.224242424242424576e+00
1.582472613458529054e+02,4.254545454545456629e+00
1.592488262910798085e+02,4.345454545454547457e+00
1.602503912363067400e+02,5.618181818181818166e+00
1.612519561815336431e+02,5.200000000000000178e+00
1.622535211267605746e+02,4.999999999999999112e+00
1.632550860719874777e+02,4.999999999999999112e+00
1.642566510172144092e+02,5.303030303030303649e+00
1.652582159624413123e+02,5.678787878787878718e+00
1.662597809076682438e+02,5.715151515151514872e+00
1.672613458528951469e+02,5.951515151515152091e+00
1.682629107981220784e+02,5.927272727272728581e+00
1.692644757433489815e+02,6.369696969696968303e+00
1.702660406885759130e+02,7.000000000000000000e+00
1.712676056338028161e+02,7.424242424242422089e+00
1.722691705790297476e+02,7.787878787878785403e+00
1.732707355242566507e+02,8.169696969696968125e+00
1.742723004694835822e+02,8.600000000000001421e+00
1.752738654147104853e+02,8.981818181818180591e+00
1.762754303599374168e+02,1.021818181818181692e+01
1.772769953051643199e+02,1.019999999999999574e+01
1.782785602503912514e+02,1.042424242424242209e+01
1.792801251956181545e+02,1.073333333333333606e+01
1.802816901408450860e+02,1.109696969696969937e+01
1.812832550860719891e+02,1.150909090909090438e+01
1.822848200312989206e+02,1.146666666666666323e+01
1.832863849765258237e+02,1.144848484848484560e+01
1.842879499217527552e+02,1.161212121212121318e+01
1.852895148669796583e+02,1.164242424242424079e+01
1.862910798122065898e+02,1.166666666666666607e+01
1.872926447574334929e+02,1.161212121212121140e+01
1.882942097026604245e+02,1.152121212121212324e+01
1.892957746478873275e+02,1.132727272727273160e+01
1.902973395931142591e+02,1.106666666666666643e+01
1.912989045383411622e+02,1.092121212121211826e+01
1.923004694835680652e+02,1.024242424242424576e+01
1.933020344287949968e+02,1.000000000000000000e+01
1.943035993740218998e+02,9.672727272727270176e+00
1.953051643192488314e+02,9.339393939393938027e+00
1.963067292644757345e+02,8.939393939393941224e+00
1.973082942097026660e+02,8.381818181818180946e+00
1.983098591549295691e+02,7.830303030303029210e+00
1.993114241001565006e+02,7.545454545454547635e+00
2.003129890453834037e+02,7.684848484848485484e+00
2.013145539906103352e+02,7.793939393939393945e+00
2.023161189358372383e+02,7.975757575757578266e+00
2.033176838810641698e+02,7.896969696969697416e+00
2.043192488262910729e+02,7.775757575757577200e+00
2.053208137715180044e+02,7.812121212121213354e+00
2.063223787167449075e+02,8.127272727272728758e+00
2.073239436619718390e+02,8.363636363636365090e+00
2.083255086071987421e+02,9.454545454545455030e+00
2.093270735524256736e+02,9.551515151515154400e+00
2.103286384976525767e+02,9.836363636363641305e+00
2.113302034428795082e+02,1.030909090909090686e+01
2.123317683881064113e+02,1.093333333333333357e+01
2.133333333333333428e+02,1.164242424242424079e+01
2.143348982785602459e+02,1.230909090909090864e+01
2.153364632237871774e+02,1.283636363636363598e+01
2.163380281690140805e+02,1.340606060606060446e+01
2.173395931142410120e+02,1.400000000000000178e+01
2.183411580594679151e+02,1.489696969696969830e+01
2.193427230046948466e+02,1.562424242424242316e+01
2.203442879499217497e+02,1.626060606060606162e+01
2.213458528951486812e+02,1.678181818181818130e+01
2.223474178403755843e+02,1.736969696969697807e+01
2.233489827856025158e+02,1.776969696969697310e+01
2.243505477308294189e+02,1.924848484848485342e+01
2.253521126760563504e+02,1.890909090909091717e+01
2.263536776212832535e+02,1.848484848484848797e+01
2.273552425665101850e+02,1.825454545454545752e+01
2.283568075117370881e+02,1.818181818181818343e+01
2.293583724569640196e+02,1.819393939393939519e+01
2.303599374021909227e+02,1.835151515151515156e+01
2.313615023474178543e+02,1.843636363636363740e+01
2.323630672926447573e+02,1.807272727272727764e+01
2.333646322378716889e+02,1.763030303030303259e+01
2.343661971830985919e+02,1.692121212121212182e+01
2.353677621283255235e+02,1.613939393939393696e+01
2.363693270735524266e+02,1.529090909090908745e+01
2.373708920187793581e+02,1.459393939393939377e+01
2.383724569640062612e+02,1.414545454545454817e+01
2.393740219092331927e+02,1.392727272727272947e+01
2.403755868544600958e+02,1.225454545454545574e+01
2.413771517996870273e+02,1.198787878787879002e+01
2.423787167449139304e+02,1.167272727272727195e+01
2.433802816901408619e+02,1.130303030303030098e+01
2.443818466353677650e+02,1.108484848484848051e+01
2.453834115805946965e+02,1.101212121212120465e+01
2.463849765258215996e+02,1.121818181818181337e+01
2.473865414710485311e+02,1.146060606060605558e+01
2.483881064162754342e+02,1.179393939393938950e+01
2.493896713615023657e+02,1.216363636363635869e+01
2.503912363067292688e+02,1.283636363636363420e+01
2.513928012519562003e+02,1.372121212121211720e+01
2.523943661971831034e+02,1.488484848484847944e+01
2.533959311424100349e+02,1.601818181818181586e+01
2.543974960876369380e+02,1.692121212121211826e+01
2.553990610328638695e+02,1.739999999999999858e+01
2.564006259780907726e+02,2.109090909090908994e+01
2.574021909233176757e+02,2.220606060606061050e+01
2.584037558685445788e+02,2.389696969696969830e+01
2.594053208137715387e+02,2.550909090909090438e+01
2.604068857589984418e+02,2.681818181818182723e+01
2.614084507042253449e+02,2.817575757575757578e+01
2.624100156494522480e+02,2.958181818181818201e+01
2.634115805946792079e+02,3.056363636363635550e+01
2.644131455399061110e+02,3.102424242424242706e+01
2.654147104851330141e+02,3.199999999999999645e+01
2.664162754303599172e+02,3.341818181818182154e+01
2.674178403755868771e+02,3.457575757575757081e+01
2.684194053208137802e+02,3.532121212121212039e+01
2.694209702660406833e+02,3.598787878787878469e+01
2.704225352112675864e+02,3.690909090909090651e+01
2.714241001564945464e+02,3.764242424242423368e+01
2.724256651017214494e+02,3.786666666666666714e+01
2.734272300469483525e+02,3.776363636363635834e+01
2.744287949921752556e+02,3.747272727272726200e+01
2.754303599374022156e+02,3.706666666666666998e+01
2.764319248826291187e+02,3.649090909090909207e+01
2.774334898278560217e+02,3.576969696969698020e+01
2.784350547730829248e+02,3.509696969696970115e+01
2.794366197183098848e+02,3.467272727272728616e+01
2.804381846635367879e+02,3.264848484848484844e+01
2.814397496087636910e+02,3.093333333333334423e+01
2.824413145539905940e+02,2.892727272727272592e+01
2.834428794992175540e+02,2.719393939393939519e+01
2.844444444444444571e+02,2.566666666666667496e+01
2.854460093896713602e+02,2.385454545454546249e+01
2.864475743348982633e+02,2.184848484848485128e+01
2.874491392801252232e+02,2.058181818181817846e+01
2.884507042253521263e+02,1.761212121212120607e+01
2.894522691705790294e+02,1.694545454545453822e+01
2.904538341158059325e+02,1.578787878787877830e+01
2.914553990610328924e+02,1.464242424242423724e+01
2.924569640062597955e+02,1.339393939393939270e+01
2.934585289514866986e+02,1.256969696969696670e+01
2.944600938967136017e+02,1.220606060606060517e+01
2.954616588419405616e+02,1.227272727272726627e+01
2.964632237871674647e+02,1.320606060606060517e+01
2.974647887323943678e+02,1.424242424242423866e+01
2.984663536776212709e+02,1.594545454545454000e+01
2.994679186228482308e+02,1.768484848484848371e+01
3.004694835680751339e+02,1.969696969696970257e+01
3.014710485133020370e+02,2.206666666666667709e+01
3.024726134585289401e+02,2.447878787878788742e+01
3.034741784037559000e+02,2.622424242424244412e+01
3.044757433489828031e+02,3.061212121212120607e+01
3.054773082942097062e+02,3.233939393939392914e+01
3.064788732394366093e+02,3.464848484848485555e+01
3.074804381846635692e+02,3.681818181818182723e+01
3.084820031298904723e+02,3.940606060606059913e+01
3.094835680751173754e+02,4.240606060606060623e+01
3.104851330203442785e+02,4.483030303030304253e+01
3.114866979655712385e+02,4.635151515151516577e+01
3.124882629107981415e+02,4.813333333333333286e+01
3.134898278560250446e+02,4.966060606060606375e+01
3.144913928012519477e+02,5.176363636363636545e+01
3.154929577464789077e+02,5.344242424242423795e+01
3.164945226917058108e+02,5.470909090909088945e+01
3.174960876369327138e+02,5.554545454545454675e+01
3.184976525821596169e+02,5.640606060606060623e+01
3.194992175273865769e+02,5.692727272727270815e+01
3.205007824726134800e+02,5.820606060606061760e+01
3.215023474178403831e+02,5.833333333333334281e+01
3.225039123630672862e+02,5.855151515151516151e+01
3.235054773082941892e+02,5.875151515151513593e+01
3.245070422535211492e+02,5.867272727272725774e+01
3.255086071987480523e+02,5.793333333333333002e+01
3.265101721439749554e+02,5.692121212121213603e+01
3.275117370892018585e+02,5.601818181818181586e+01
3.285133020344288184e+02,5.443030303030304395e+01
3.295148669796557215e+02,5.239393939393939092e+01
3.305164319248826246e+02,4.990909090909092072e+01
3.315179968701095277e+02,4.798787878787879890e+01
3.325195618153364876e+02,4.660606060606060197e+01
3.335211267605633907e+02,4.477575757575758075e+01
3.345226917057902938e+02,4.236363636363636687e+01
3.355242566510171969e+02,4.043030303030303685e+01
3.365258215962441568e+02,3.681818181818180591e+01
3.375273865414710599e+02,3.506060606060606233e+01
3.385289514866979630e+02,3.206666666666666288e+01
3.395305164319248661e+02,2.878181818181817775e+01
3.405320813771518260e+02,2.558787878787878611e+01
3.415336463223787291e+02,2.278787878787879606e+01
3.425352112676056322e+02,2.051515151515151913e+01
3.435367762128325353e+02,1.907272727272727408e+01
3.445383411580594952e+02,1.627272727272727337e+01
3.455399061032863983e+02,1.541212121212121389e+01
3.465414710485133014e+02,1.460000000000000142e+01
3.475430359937402045e+02,1.430909090909091397e+01
3.485446009389671644e+02,1.493333333333333357e+01
3.495461658841940675e+02,1.616969696969697168e+01
3.505477308294209706e+02,1.761212121212121318e+01
3.515492957746478737e+02,1.862424242424242138e+01
3.525508607198748336e+02,2.221212121212120394e+01
3.535524256651017367e+02,2.439999999999999503e+01
3.545539906103286398e+02,2.800000000000000000e+01
3.555555555555555429e+02,3.143636363636362319e+01
3.565571205007825029e+02,3.479999999999999716e+01
3.575586854460094060e+02,3.800606060606061476e+01
3.585602503912363090e+02,4.117575757575756512e+01
3.595618153364632121e+02,4.355757575757575495e+01
3.605633802816901721e+02,4.739393939393940514e+01
3.615649452269170752e+02,4.944848484848485981e+01
3.625665101721439783e+02,5.218181818181817277e+01
3.635680751173708813e+02,5.449696969696969973e+01
3.645696400625978413e+02,5.630909090909091219e+01
3.655712050078247444e+02,5.811515151515152411e+01
3.665727699530516475e+02,6.000606060606060765e+01
3.675743348982785506e+02,6.132727272727273515e+01
3.685758998435055105e+02,6.477575757575758075e+01
3.695774647887324136e+02,6.531515151515151274e+01
3.705790297339593167e+02,6.637575757575756086e+01
3.715805946791862198e+02,6.739999999999999147e+01
3.725821596244131797e+02,6.844242424242425216e+01
3.735837245696400828e+02,6.904848484848484702e+01
3.745852895148669859e+02,6.912727272727269678e+01
3.755868544600938890e+02,6.903636363636363171e+01
3.765884194053208489e+02,6.843636363636360898e+01
3.775899843505477520e+02,6.803636363636361750e+01
3.785915492957746551e+02,6.707272727272726343e+01
3.795931142410015582e+02,6.579999999999998295e+01
3.805946791862285181e+02,6.485454545454545894e+01
3.815962441314554212e+02,6.375757575757575779e+01
3.825978090766823243e+02,6.135757575757573790e+01
3.835993740219092274e+02,5.915757575757573505e+01
3.846009389671361305e+02,5.610303030303030170e+01
3.856025039123630904e+02,5.429090909090907502e+01
3.866040688575899935e+02,5.207272727272726343e+01
3.876056338028168966e+02,5.019393939393938098e+01
3.886071987480437997e+02,4.836969696969695320e+01
3.896087636932707596e+02,4.567272727272725774e+01
3.906103286384976627e+02,4.212121212121209624e+01
3.916118935837245658e+02,3.958787878787877190e+01
3.926134585289514689e+02,3.569696969696968125e+01
3.936150234741784288e+02,3.368484848484848726e+01
3.946165884194053319e+02,3.047272727272727977e+01
3.956181533646322350e+02,2.657575757575758146e+01
3.966197183098591381e+02,2.346666666666667211e+01
3.976212832550860981e+02,2.101818181818181941e+01
3.986228482003130011e+02,1.824242424242424576e+01
3.996244131455399042e+02,1.624242424242423866e+01
4.006259780907668073e+02,1.356969696969697026e+01
4.016275430359937673e+02,1.311515151515151167e+01
4.026291079812206704e+02,1.279393939393939306e+01
4.036306729264475734e+02,1.286666666666666181e+01
4.046322378716744765e+02,1.361212121212120962e+01
4.056338028169014365e+02,1.504242424242423937e+01
4.066353677621283396e+02,1.666666666666666430e+01
4.076369327073552427e+02,1.816363636363636047e+01
4.086384976525821457e+02,2.210303030303031235e+01
4.096400625978091057e+02,2.436969696969697807e+01
4.106416275430360088e+02,2.906060606060606588e+01
4.116431924882629119e+02,3.103636363636363527e+01
4.126447574334898150e+02,3.541212121212122099e+01
4.136463223787167749e+02,3.751515151515150848e+01
4.146478873239436780e+02,4.179393939393938950e+01
4.156494522691705811e+02,4.355757575757574784e+01
4.166510172143974842e+02,4.756363636363636971e+01
4.176525821596244441e+02,4.932727272727273515e+01
4.186541471048513472e+02,5.169696969696968836e+01
4.196557120500782503e+02,5.363636363636362603e+01
4.206572769953051534e+02,5.512121212121211755e+01
4.216588419405321133e+02,5.681818181818182012e+01
4.226604068857590164e+02,5.885454545454547315e+01
4.236619718309859195e+02,6.049696969696969262e+01
4.246635367762128226e+02,6.221212121212121815e+01
4.256651017214397825e+02,6.291515151515152127e+01
4.266666666666666856e+02,6.364242424242424789e+01
4.276682316118935887e+02,6.411515151515153832e+01
4.286697965571204918e+02,6.411515151515152411e+01
4.296713615023474517e+02,6.392727272727272947e+01
4.306729264475743548e+02,6.373939393939396325e+01
4.316744913928012579e+02,6.372121212121213318e+01
4.326760563380281610e+02,6.231515151515151985e+01
4.336776212832551209e+02,6.178787878787878185e+01
4.346791862284820240e+02,6.106060606060604812e+01
4.356807511737089271e+02,6.040606060606058492e+01
4.366823161189358302e+02,5.939393939393937671e+01
4.376838810641627902e+02,5.789090909090908355e+01
4.386854460093896932e+02,5.618787878787876622e+01
4.396870109546165963e+02,5.478787878787878185e+01
4.406885758998434994e+02,5.189090909090908355e+01
4.416901408450704594e+02,5.018181818181816567e+01
4.426917057902973625e+02,4.732727272727272094e+01
4.436932707355242655e+02,4.432121212121212039e+01
4.446948356807511686e+02,4.210303030303027327e+01
4.456964006259781286e+02,4.032727272727272094e+01
4.466979655712050317e+02,3.799999999999998579e+01
4.476995305164319348e+02,3.598181818181818414e+01
4.487010954616588378e+02,3.232727272727272805e+01
4.497026604068857409e+02,3.010303030303029459e+01
4.507042253521127009e+02,2.673939393939393128e+01
4.517057902973396040e+02,2.367878787878787605e+01
4.527073552425665071e+02,2.103030303030302406e+01
4.537089201877934102e+02,1.835151515151515156e+01
4.547104851330203701e+02,1.552727272727272556e+01
4.557120500782472732e+02,1.347878787878788032e+01
4.567136150234741763e+02,1.188484848484848655e+01
4.577151799687010794e+02,1.143636363636363562e+01
4.587167449139280393e+02,1.095757575757575530e+01
4.597183098591549424e+02,1.075151515151515014e+01
4.607198748043818455e+02,1.109090909090908816e+01
4.617214397496087486e+02,1.181212121212121424e+01
4.627230046948357085e+02,1.293333333333333357e+01
4.637245696400626116e+02,1.381212121212121069e+01
4.647261345852895147e+02,1.647272727272727622e+01
4.657276995305164178e+02,1.786666666666666714e+01
4.667292644757433777e+02,2.014545454545454106e+01
4.677308294209702808e+02,2.238181818181817206e+01
4.687323943661971839e+02,2.467272727272726485e+01
4.697339593114240870e+02,2.701212121212121886e+01
4.707355242566510469e+02,2.952121212121211258e+01
4.717370892018779500e+02,3.121212121212120039e+01
4.727386541471048531e+02,3.391515151515151416e+01
4.737402190923317562e+02,3.449696969696968551e+01
4.747417840375587161e+02,3.572121212121211897e+01
4.757433489827856192e+02,3.718787878787878753e+01
4.767449139280125223e+02,3.896363636363637539e+01
4.777464788732394254e+02,4.062424242424241783e+01
4.787480438184663853e+02,4.174545454545454248e+01
4.797496087636932884e+02,4.232727272727272094e+01
4.807511737089201915e+02,4.384848484848487260e+01
4.817527386541470946e+02,4.489090909090909776e+01
4.827543035993740546e+02,4.591515151515152837e+01
4.837558685446009576e+02,4.609696969696970825e+01
4.847574334898278607e+02,4.567878787878788671e+01
4.857589984350547638e+02,4.494545454545454533e+01
4.867605633802817238e+02,4.456969696969696315e+01
4.877621283255086269e+02,4.466060606060606375e+01
4.887636932707355299e+02,4.361212121212121673e+01
4.897652582159624330e+02,4.292727272727272236e+01
4.907668231611893930e+02,4.215757575757576348e+01
4.917683881064162961e+02,4.152121212121213745e+01
4.927699530516431992e+02,4.089090909090909065e+01
4.937715179968701023e+02,3.985454545454546604e+01
4.947730829420970622e+02,3.863636363636363313e+01
4.957746478873239653e+02,3.759393939393939377e+01
4.967762128325508684e+02,3.510909090909091645e+01
4.977777777777777715e+02,3.433333333333334281e+01
4.987793427230047314e+02,3.292121212121213603e+01
4.997809076682316345e+02,3.127272727272728403e+01
5.007824726134585376e+02,2.938181818181819693e+01
5.017840375586854407e+02,2.715757575757577058e+01
5.027856025039124006e+02,2.512727272727273586e+01
5.037871674491393037e+02,2.369696969696971323e+01
5.047887323943662068e+02,2.104242424242424647e+01
5.057902973395931099e+02,1.918787878787879109e+01
5.067918622848200698e+02,1.700606060606060410e+01
5.077934272300469729e+02,1.511515151515151345e+01
5.087949921752738760e+02,1.389696969696969475e+01
5.097965571205007791e+02,1.266060606060605487e+01
5.107981220657277390e+02,1.127272727272727515e+01
5.117996870109546421e+02,1.032121212121212039e+01
5.128012519561815452e+02,8.715151515151518424e+00
5.138028169014085051e+02,8.624242424242426708e+00
5.148043818466353514e+02,8.412121212121213887e+00
5.158059467918623113e+02,8.363636363636363313e+00
5.168075117370891576e+02,8.387878787878790376e+00
5.178090766823161175e+02,8.545454545454544970e+00
5.188106416275430774e+02,8.860606060606059486e+00
5.198122065727699237e+02,9.224242424242424576e+00
5.208137715179968836e+02,1.061212121212120962e+01
5.218153364632238436e+02,1.095151515151514410e+01
5.228169014084506898e+02,1.160606060606060019e+01
5.238184663536776497e+02,1.252121212121211435e+01
5.248200312989044960e+02,1.360606060606060552e+01
5.258215962441314559e+02,1.483030303030302832e+01
5.268231611893584159e+02,1.593333333333332824e+01
5.278247261345852621e+02,1.669090909090908781e+01
5.288262910798122221e+02,1.738181818181818272e+01
5.298278560250391820e+02,1.798787878787878469e+01
5.308294209702660282e+02,1.898181818181818770e+01
5.318309859154929882e+02,1.975151515151514303e+01
5.328325508607198344e+02,2.026060606060605807e+01
5.338341158059467944e+02,2.053939393939393554e+01
5.348356807511737543e+02,2.081212121212121247e+01
5.358372456964006005e+02,2.115757575757575637e+01
5.368388106416275605e+02,2.219393939393939874e+01
5.378403755868545204e+02,2.218787878787879109e+01
5.388419405320813667e+02,2.213939393939393696e+01
5.398435054773083266e+02,2.206666666666666643e+01
5.408450704225351728e+02,2.198181818181818059e+01
5.418466353677621328e+02,2.172727272727272663e+01
5.428482003129890927e+02,2.156363636363635905e+01
5.438497652582159390e+02,2.151515151515150492e+01
5.448513302034428989e+02,2.117575757575758644e+01
5.458528951486698588e+02,2.067272727272727195e+01
5.468544600938967051e+02,2.012727272727272876e+01
5.478560250391236650e+02,1.963636363636364024e+01
5.488575899843505113e+02,1.898181818181818059e+01
5.498591549295774712e+02,1.811515151515151345e+01
5.508607198748044311e+02,1.705454545454545112e+01
5.518622848200312774e+02,1.634545454545454390e+01
5.528638497652582373e+02,1.507878787878788174e+01
5.538654147104851972e+02,1.449090909090909740e+01
5.548669796557120435e+02,1.387878787878787712e+01
5.558685446009390034e+02,1.286060606060605771e+01
5.568701095461658497e+02,1.167878787878787783e+01
5.578716744913928096e+02,1.093939393939393590e+01
5.588732394366197695e+02,1.056969696969697026e+01
5.598748043818466158e+02,1.069696969696969902e+01
5.608763693270735757e+02,9.472727272727274439e+00
5.618779342723005357e+02,8.581818181818185565e+00
5.628794992175273819e+02,7.715151515151519312e+00
5.638810641627543419e+02,7.121212121212121993e+00
5.648826291079811881e+02,6.842424242424242742e+00
5.658841940532081480e+02,6.660606060606061085e+00
5.668857589984351080e+02,6.109090909090912014e+00
5.678873239436619542e+02,5.727272727272731068e+00
5.688888888888889142e+02,5.575757575757572582e+00
5.698904538341158741e+02,5.236363636363637220e+00
5.708920187793427203e+02,5.072727272727274972e+00
5.718935837245696803e+02,5.363636363636365978e+00
5.728951486697965265e+02,5.757575757575761344e+00
5.738967136150234865e+02,5.945454545454547102e+00
5.748982785602504464e+02,5.921212121212122703e+00
5.758998435054772926e+02,5.684848484848484595e+00
5.769014084507042526e+02,6.921212121212119150e+00
5.779029733959310988e+02,7.036363636363633489e+00
5.789045383411580588e+02,7.284848484848484240e+00
5.799061032863850187e+02,7.478787878787878540e+00
5.809076682316118649e+02,7.836363636363637752e+00
5.819092331768388249e+02,8.042424242424242919e+00
5.829107981220657848e+02,8.357575757575755659e+00
5.839123630672926311e+02,8.896969696969698305e+00
5.849139280125195910e+02,8.690909090909091361e+00
5.859154929577464372e+02,8.927272727272727693e+00
5.869170579029733972e+02,9.454545454545453254e+00
5.879186228482003571e+02,1.003636363636363704e+01
5.889201877934272034e+02,1.047878787878788032e+01
5.899217527386541633e+02,1.076363636363636900e+01
5.909233176838811232e+02,1.084242424242423830e+01
5.919248826291079695e+02,1.087878787878788067e+01
5.929264475743349294e+02,1.157575757575757436e+01
5.939280125195617757e+02,1.146666666666666679e+01
5.949295774647887356e+02,1.142424242424242742e+01
5.959311424100156955e+02,1.152727272727272734e+01
5.969327073552425418e+02,1.160606060606060552e+01
5.979342723004695017e+02,1.183030303030302832e+01
5.989358372456964617e+02,1.198787878787878647e+01
5.999374021909233079e+02,1.206060606060605700e+01
6.009389671361502678e+02,1.172727272727272307e+01
6.019405320813771141e+02,1.131515151515151096e+01
6.029420970266040740e+02,1.101212121212120998e+01
6.039436619718310340e+02,1.087878787878787890e+01
6.049452269170578802e+02,1.087272727272727835e+01
6.059467918622848401e+02,1.058787878787879144e+01
6.069483568075118001e+02,1.005454545454545823e+01
6.079499217527386463e+02,9.642424242424244341e+00
6.089514866979656063e+02,9.400000000000000355e+00
6.099530516431924525e+02,9.236363636363634555e+00
6.109546165884194124e+02,8.969696969696970612e+00
6.119561815336463724e+02,8.527272727272729114e+00
6.129577464788732186e+02,7.915151515151515049e+00
6.139593114241001786e+02,7.399999999999997691e+00
6.149608763693271385e+02,7.139393939393936961e+00
6.159624413145539847e+02,7.066666666666667318e+00
6.169640062597809447e+02,6.472727272727273551e+00
6.179655712050077909e+02,6.327272727272727160e+00
6.189671361502347509e+02,6.157575757575758146e+00
6.199687010954617108e+02,5.787878787878788955e+00
6.209702660406885570e+02,5.199999999999999289e+00
6.219718309859155170e+02,4.721212121212120749e+00
6.229733959311424769e+02,4.545454545454544970e+00
6.239749608763693232e+02,4.600000000000000533e+00
6.249765258215962831e+02,5.206060606060607832e+00
6.259780907668231293e+02,4.836363636363635088e+00
6.269796557120500893e+02,4.648484848484847554e+00
6.279812206572770492e+02,4.418181818181817988e+00
6.289827856025038955e+02,4.424242424242423866e+00
6.299843505477308554e+02,4.830303030303030987e+00
6.309859154929578153e+02,5.206060606060603391e+00
6.319874804381846616e+02,5.533333333333330550e+00
6.329890453834116215e+02,5.448484848484849152e+00
6.339906103286384678e+02,5.654545454545456984e+00
6.349921752738654277e+02,5.993939393939395011e+00
6.359937402190923876e+02,6.187878787878790199e+00
6.369953051643192339e+02,6.327272727272730712e+00
6.379968701095461938e+02,6.509090909090913257e+00
6.389984350547731538e+02,6.769696969696972211e+00
6.400000000000000000e+02,6.987878787878788245e+00
