2.120000000000000000e+02,7.204444444444439100e+00
2.130030674846625800e+02,7.399999999999996803e+00
2.140061349693251600e+02,7.675555555555553688e+00
2.150092024539877400e+02,7.871111111111106950e+00
2.160122699386503200e+02,8.791111111111106879e+00
2.170153374233128716e+02,9.391111111111106524e+00
2.180184049079754516e+02,1.013333333333332575e+01
2.190214723926380316e+02,1.070222222222222008e+01
2.200245398773006116e+02,1.130666666666667020e+01
2.210276073619631916e+02,1.205333333333333456e+01
2.220306748466257716e+02,1.289333333333332909e+01
2.230337423312883516e+02,1.357333333333333414e+01
2.240368098159509316e+02,1.575555555555555998e+01
2.250398773006135116e+02,1.614666666666667183e+01
2.260429447852760632e+02,1.712444444444445324e+01
2.270460122699386432e+02,1.868444444444444841e+01
2.280490797546012232e+02,2.027555555555556666e+01
2.290521472392638032e+02,2.158666666666666956e+01
2.300552147239263832e+02,2.219111111111111612e+01
2.310582822085889632e+02,2.247555555555555529e+01
2.320613496932515432e+02,2.295111111111111768e+01
2.330644171779140947e+02,2.330222222222222328e+01
2.340674846625766747e+02,2.365777777777778113e+01
2.350705521472392547e+02,2.374666666666667325e+01
2.360736196319018347e+02,2.374222222222223166e+01
2.370766871165644147e+02,2.404444444444444784e+01
2.380797546012269947e+02,2.448444444444444912e+01
2.390828220858895747e+02,2.477777777777778567e+01
2.400858895705521547e+02,2.286222222222222555e+01
2.410889570552147347e+02,2.249333333333332874e+01
2.420920245398772863e+02,2.191111111111110787e+01
2.430950920245398663e+02,2.148888888888888360e+01
2.440981595092024463e+02,2.125333333333333741e+01
2.451012269938650263e+02,2.097777777777778141e+01
2.461042944785276063e+02,2.027999999999999758e+01
2.471073619631901863e+02,1.952888888888888985e+01
2.481104294478527663e+02,1.783111111111111313e+01
2.491134969325153463e+02,1.651111111111111285e+01
2.501165644171779263e+02,1.505333333333333279e+01
2.511196319018404779e+02,1.361777777777777665e+01
2.521226993865030579e+02,1.226222222222222236e+01
2.531257668711656379e+02,1.095111111111111057e+01
2.541288343558282179e+02,1.004444444444444251e+01
2.551319018404907979e+02,9.626666666666665151e+00
2.561349693251533495e+02,8.728888888888887365e+00
2.571380368098159579e+02,8.457777777777772954e+00
2.581411042944785095e+02,8.204444444444440876e+00
2.591441717791411179e+02,8.106666666666667354e+00
2.601472392638036695e+02,8.159999999999996589e+00
2.611503067484662779e+02,8.306666666666661314e+00
2.621533742331288295e+02,8.546666666666661527e+00
2.631564417177913811e+02,8.955555555555550384e+00
2.641595092024539895e+02,1.044888888888888445e+01
2.651625766871165411e+02,1.162222222222221646e+01
2.661656441717791495e+02,1.335111111111111093e+01
2.671687116564417011e+02,1.515555555555554967e+01
2.681717791411043095e+02,1.693777777777778226e+01
2.691748466257668611e+02,1.880888888888889454e+01
2.701779141104294695e+02,2.057777777777777573e+01
2.711809815950920211e+02,2.182666666666666444e+01
2.721840490797545726e+02,2.327555555555556666e+01
2.731871165644171811e+02,2.497333333333334693e+01
2.741901840490797326e+02,2.679111111111111754e+01
2.751932515337423411e+02,2.795999999999998309e+01
2.761963190184048926e+02,2.919999999999997442e+01
2.771993865030675011e+02,3.094222222222220964e+01
2.782024539877300526e+02,3.288444444444442638e+01
2.792055214723926611e+02,3.395111111111108215e+01
2.802085889570552126e+02,3.571999999999999176e+01
2.812116564417177642e+02,3.645777777777777118e+01
2.822147239263803726e+02,3.706222222222221774e+01
2.832177914110429242e+02,3.747999999999999687e+01
2.842208588957055326e+02,3.817777777777777715e+01
2.852239263803680842e+02,3.888444444444443349e+01
2.862269938650306926e+02,3.899111111111110262e+01
2.872300613496932442e+02,3.872444444444443690e+01
2.882331288343558526e+02,3.862222222222224133e+01
2.892361963190184042e+02,3.856000000000000938e+01
2.902392638036809558e+02,3.824444444444442581e+01
2.912423312883435642e+02,3.749333333333331808e+01
2.922453987730061158e+02,3.660444444444443235e+01
2.932484662576687242e+02,3.555111111111109778e+01
2.942515337423312758e+02,3.419555555555555060e+01
2.952546012269938842e+02,3.332444444444443121e+01
2.962576687116564358e+02,3.211111111111110006e+01
2.972607361963190442e+02,3.068888888888887934e+01
2.982638036809815958e+02,2.875111111111110773e+01
2.992668711656441474e+02,2.676000000000001222e+01
3.002699386503067558e+02,2.513777777777778155e+01
3.012730061349693074e+02,2.340000000000000568e+01
3.022760736196319158e+02,2.126666666666667993e+01
3.032791411042944674e+02,1.985777777777778752e+01
3.042822085889570189e+02,1.639555555555556410e+01
3.052852760736196274e+02,1.435111111111111626e+01
3.062883435582822358e+02,1.282222222222221930e+01
3.072914110429447874e+02,1.126222222222222058e+01
3.082944785276073389e+02,1.010222222222222044e+01
3.092975460122699474e+02,9.413333333333328667e+00
3.103006134969324989e+02,8.635555555555555429e+00
3.113036809815951074e+02,8.351111111111109153e+00
3.123067484662576589e+02,8.466666666666663232e+00
3.133098159509202105e+02,8.839999999999996305e+00
3.143128834355828189e+02,9.648888888888885518e+00
3.153159509202454274e+02,1.089333333333333087e+01
3.163190184049079789e+02,1.235111111111111093e+01
3.173220858895705305e+02,1.399111111111110972e+01
3.183251533742331389e+02,1.537777777777777999e+01
3.193282208588956905e+02,1.627555555555556310e+01
3.203312883435582989e+02,1.991555555555555301e+01
3.213343558282208505e+02,2.137333333333333485e+01
3.223374233128834021e+02,2.361777777777778198e+01
3.233404907975460105e+02,2.575555555555556708e+01
3.243435582822086189e+02,2.792888888888889198e+01
3.253466257668711705e+02,3.031111111111109935e+01
3.263496932515337221e+02,3.235999999999998522e+01
3.273527607361963305e+02,3.352444444444445537e+01
3.283558282208588821e+02,3.540888888888889596e+01
3.293588957055214905e+02,3.651555555555555088e+01
3.303619631901840421e+02,3.819555555555555770e+01
3.313650306748465937e+02,3.995999999999999375e+01
3.323680981595092021e+02,4.138222222222223223e+01
3.333711656441718105e+02,4.243999999999999773e+01
3.343742331288343621e+02,4.312444444444444258e+01
3.353773006134969137e+02,4.339555555555555344e+01
3.363803680981595221e+02,4.520888888888887180e+01
3.373834355828220737e+02,4.563555555555555543e+01
3.383865030674846821e+02,4.596000000000000085e+01
3.393895705521472337e+02,4.607111111111111512e+01
3.403926380368097853e+02,4.646666666666666146e+01
3.413957055214723937e+02,4.686222222222222911e+01
3.423987730061350021e+02,4.685777777777777686e+01
3.434018404907975537e+02,4.643111111111109324e+01
3.444049079754601053e+02,4.640444444444444372e+01
3.454079754601226568e+02,4.552888888888887919e+01
3.464110429447852653e+02,4.407999999999999119e+01
3.474141104294478737e+02,4.249777777777777032e+01
3.484171779141104253e+02,4.099111111111110972e+01
3.494202453987729768e+02,3.916444444444444173e+01
3.504233128834355853e+02,3.720444444444442667e+01
3.514263803680981937e+02,3.571555555555555372e+01
3.524294478527607453e+02,3.263111111111110318e+01
3.534325153374232968e+02,3.119555555555554704e+01
3.544355828220858484e+02,2.897777777777777430e+01
3.554386503067484568e+02,2.679555555555555912e+01
3.564417177914110653e+02,2.466666666666666430e+01
3.574447852760736168e+02,2.199999999999999289e+01
3.584478527607361684e+02,1.944888888888888800e+01
3.594509202453987768e+02,1.771111111111110858e+01
3.604539877300613853e+02,1.507555555555555138e+01
3.614570552147239368e+02,1.308888888888888857e+01
3.624601226993864884e+02,1.096000000000000085e+01
3.634631901840490400e+02,9.404444444444443718e+00
3.644662576687116484e+02,8.248888888888883386e+00
3.654693251533742568e+02,7.324444444444441871e+00
3.664723926380368084e+02,6.764444444444447591e+00
3.674754601226993600e+02,6.657777777777781125e+00
3.684785276073619684e+02,7.204444444444439988e+00
3.694815950920245768e+02,7.919999999999997264e+00
3.704846625766871284e+02,8.968888888888889355e+00
3.714877300613496800e+02,1.009777777777778063e+01
3.724907975460122316e+02,1.248444444444444557e+01
3.734938650306748400e+02,1.405777777777778326e+01
3.744969325153374484e+02,1.696444444444444244e+01
3.755000000000000000e+02,1.851111111111110930e+01
3.765030674846625516e+02,2.073777777777777587e+01
3.775061349693251600e+02,2.239555555555555344e+01
3.785092024539877684e+02,2.466666666666666430e+01
3.795122699386503200e+02,2.707999999999999474e+01
3.805153374233128716e+02,2.923111111111111882e+01
3.815184049079754232e+02,3.125333333333334096e+01
3.825214723926380316e+02,3.320444444444445509e+01
3.835245398773006400e+02,3.431555555555556225e+01
3.845276073619631916e+02,3.637333333333332774e+01
3.855306748466257432e+02,3.774222222222221745e+01
3.865337423312883516e+02,3.964888888888888374e+01
3.875368098159509032e+02,4.131555555555556225e+01
3.885398773006135116e+02,4.251111111111111285e+01
3.895429447852760632e+02,4.330666666666665776e+01
3.905460122699386147e+02,4.381777777777777061e+01
3.915490797546012232e+02,4.397777777777776720e+01
3.925521472392638316e+02,4.453777777777776947e+01
3.935552147239263832e+02,4.486666666666666714e+01
3.945582822085889347e+02,4.500444444444443093e+01
3.955613496932515432e+02,4.456444444444442610e+01
3.965644171779140947e+02,4.371999999999999176e+01
3.975674846625767032e+02,4.303555555555553980e+01
3.985705521472392547e+02,4.287111111111109807e+01
3.995736196319018063e+02,4.293777777777776095e+01
4.005766871165644147e+02,4.207111111111109381e+01
4.015797546012270232e+02,4.179999999999999716e+01
4.025828220858895747e+02,4.063111111111109608e+01
4.035858895705521263e+02,3.883111111111111313e+01
4.045889570552147347e+02,3.758666666666668021e+01
4.055920245398772863e+02,3.651555555555557930e+01
4.065950920245398947e+02,3.498666666666667169e+01
4.075981595092024463e+02,3.335111111111111626e+01
4.086012269938649979e+02,3.151555555555555443e+01
4.096042944785276063e+02,2.961333333333334039e+01
4.106073619631902147e+02,2.711999999999999744e+01
4.116104294478527663e+02,2.484888888888888303e+01
4.126134969325153179e+02,2.298666666666666814e+01
4.136165644171778695e+02,2.109777777777777530e+01
4.146196319018404779e+02,1.882666666666666444e+01
4.156226993865030863e+02,1.726222222222222413e+01
4.166257668711656379e+02,1.414666666666666650e+01
4.176288343558281895e+02,1.274666666666666615e+01
4.186319018404907979e+02,1.086666666666666892e+01
4.196349693251534063e+02,9.182222222222222285e+00
4.206380368098159579e+02,7.862222222222222889e+00
4.216411042944785095e+02,6.822222222222221966e+00
4.226441717791410611e+02,6.186666666666665648e+00
4.236472392638036695e+02,5.986666666666665471e+00
4.246503067484662779e+02,6.173333333333332007e+00
4.256533742331288295e+02,6.182222222222221397e+00
4.266564417177913811e+02,6.986666666666665471e+00
4.276595092024539895e+02,7.915555555555554790e+00
4.286625766871165979e+02,8.573333333333334139e+00
4.296656441717791495e+02,9.755555555555559977e+00
4.306687116564417011e+02,1.121777777777777629e+01
4.316717791411042526e+02,1.206222222222221951e+01
4.326748466257668611e+02,1.482222222222222641e+01
4.336779141104294695e+02,1.564000000000000590e+01
4.346809815950920211e+02,1.701333333333333897e+01
4.356840490797545726e+02,1.834666666666666401e+01
4.366871165644171811e+02,1.980888888888889099e+01
4.376901840490797895e+02,2.160000000000000142e+01
4.386932515337423411e+02,2.355111111111111200e+01
4.396963190184048926e+02,2.494222222222222740e+01
4.406993865030674442e+02,2.692444444444444684e+01
4.417024539877300526e+02,2.766666666666666785e+01
4.427055214723926611e+02,2.877777777777777857e+01
4.437085889570552126e+02,2.961333333333332263e+01
4.447116564417177642e+02,3.023111111111110105e+01
4.457147239263803726e+02,3.071555555555556083e+01
4.467177914110429811e+02,3.134666666666666757e+01
4.477208588957055326e+02,3.181777777777777416e+01
4.487239263803680842e+02,3.130666666666666131e+01
4.497269938650306358e+02,3.103999999999999915e+01
4.507300613496932442e+02,3.096888888888888758e+01
4.517331288343558526e+02,3.104444444444444073e+01
4.527361963190184042e+02,3.113333333333330444e+01
4.537392638036809558e+02,3.095555555555553440e+01
4.547423312883435642e+02,3.050222222222222612e+01
4.557453987730061726e+02,2.992888888888888843e+01
4.567484662576687242e+02,2.963555555555554122e+01
4.577515337423312758e+02,2.906222222222222129e+01
4.587546012269938274e+02,2.817333333333332845e+01
4.597576687116564358e+02,2.705777777777777260e+01
4.607607361963190442e+02,2.605333333333333101e+01
4.617638036809815958e+02,2.478222222222222371e+01
4.627668711656441474e+02,2.342666666666666941e+01
4.637699386503067558e+02,2.257333333333332348e+01
4.647730061349693074e+02,2.106666666666666643e+01
4.657760736196319158e+02,2.001777777777777345e+01
4.667791411042944674e+02,1.862222222222222356e+01
4.677822085889570189e+02,1.723555555555555330e+01
4.687852760736196274e+02,1.552888888888888985e+01
4.697883435582821789e+02,1.400888888888889028e+01
4.707914110429447874e+02,1.255555555555555713e+01
4.717944785276073389e+02,1.140888888888889063e+01
4.727975460122699474e+02,1.011999999999999922e+01
4.738006134969324989e+02,9.257777777777778994e+00
4.748036809815951074e+02,8.315555555555558698e+00
4.758067484662576589e+02,7.595555555555558058e+00
4.768098159509202674e+02,6.897777777777776897e+00
4.778128834355828189e+02,6.142222222222223138e+00
4.788159509202453705e+02,5.715555555555555500e+00
4.798190184049079789e+02,5.586666666666666892e+00
4.808220858895705305e+02,5.604444444444443008e+00
4.818251533742331389e+02,5.662222222222221824e+00
4.828282208588956905e+02,5.719999999999998863e+00
4.838312883435582989e+02,5.937777777777777821e+00
4.848343558282208505e+02,6.248888888888888715e+00
4.858374233128834589e+02,6.688888888888888218e+00
4.868404907975460105e+02,7.084444444444447875e+00
4.878435582822085621e+02,7.497777777777780095e+00
4.888466257668711705e+02,8.488888888888892481e+00
4.898496932515337221e+02,8.902222222222224701e+00
4.908527607361963305e+02,9.502222222222224346e+00
4.918558282208588821e+02,1.014222222222222847e+01
4.928588957055214905e+02,1.092444444444444862e+01
4.938619631901840421e+02,1.168444444444445018e+01
4.948650306748465937e+02,1.234222222222222420e+01
4.958680981595092021e+02,1.271555555555555728e+01
4.968711656441717537e+02,1.330666666666667197e+01
4.978742331288343621e+02,1.329333333333333478e+01
4.988773006134969137e+02,1.342666666666667119e+01
4.998803680981595221e+02,1.391111111111111676e+01
5.008834355828220737e+02,1.449777777777777032e+01
5.018865030674846821e+02,1.492444444444443974e+01
5.028895705521472337e+02,1.496444444444444422e+01
5.038926380368097853e+02,1.497777777777777608e+01
5.048957055214723937e+02,1.522666666666666124e+01
5.058987730061349453e+02,1.516000000000000014e+01
5.069018404907975537e+02,1.503999999999999737e+01
5.079049079754601053e+02,1.489777777777777423e+01
5.089079754601227137e+02,1.477777777777777146e+01
5.099110429447852653e+02,1.470666666666665812e+01
5.109141104294478737e+02,1.469777777777777139e+01
5.119171779141104253e+02,1.470222222222221120e+01
5.129202453987729768e+02,1.417777777777777715e+01
5.139233128834355284e+02,1.359111111111110937e+01
5.149263803680980800e+02,1.297777777777778141e+01
5.159294478527607453e+02,1.190222222222221937e+01
5.169325153374232968e+02,1.122222222222221788e+01
5.179355828220859621e+02,1.076444444444443960e+01
5.189386503067485137e+02,9.973333333333327388e+00
5.199417177914110653e+02,9.742222222222215677e+00
5.209447852760736168e+02,8.657777777777775796e+00
5.219478527607361684e+02,8.373333333333333073e+00
5.229509202453987200e+02,7.879999999999997229e+00
5.239539877300612716e+02,7.257777777777776329e+00
5.249570552147239368e+02,6.546666666666666856e+00
5.259601226993864884e+02,5.991111111111112386e+00
5.269631901840491537e+02,5.537777777777778354e+00
5.279662576687117053e+02,5.360000000000000320e+00
5.289693251533742568e+02,5.022222222222222143e+00
5.299723926380368084e+02,4.786666666666667069e+00
5.309754601226993600e+02,4.542222222222222605e+00
5.319785276073619116e+02,4.360000000000000320e+00
5.329815950920244632e+02,4.222222222222224985e+00
5.339846625766871284e+02,4.035555555555556673e+00
5.349877300613496800e+02,4.004444444444446027e+00
5.359907975460123453e+02,4.111111111111112493e+00
5.369938650306748968e+02,3.351111111111110485e+00
5.379969325153374484e+02,3.297777777777778141e+00
5.390000000000000000e+02,3.480000000000000870e+00
