0.000000000000000000e+00,0.000000000000000000e+00
1.001564945226917080e+00,0.000000000000000000e+00
2.003129890453834161e+00,0.000000000000000000e+00
3.004694835680751019e+00,0.000000000000000000e+00
4.006259780907668322e+00,0.000000000000000000e+00
5.007824726134585624e+00,0.000000000000000000e+00
6.009389671361502039e+00,0.000000000000000000e+00
7.010954616588419341e+00,0.000000000000000000e+00
8.012519561815336644e+00,0.000000000000000000e+00
9.014084507042253946e+00,0.000000000000000000e+00
1.001564945226917125e+01,0.000000000000000000e+00
1.101721439749608855e+01,0.000000000000000000e+00
1.201877934272300408e+01,0.000000000000000000e+00
1.302034428794992138e+01,0.000000000000000000e+00
1.402190923317683868e+01,0.000000000000000000e+00
1.502347417840375599e+01,0.000000000000000000e+00
1.602503912363067329e+01,0.000000000000000000e+00
1.702660406885759059e+01,0.000000000000000000e+00
1.802816901408450789e+01,0.000000000000000000e+00
1.902973395931142520e+01,0.000000000000000000e+00
2.003129890453834250e+01,0.000000000000000000e+00
2.103286384976525980e+01,0.000000000000000000e+00
2.203442879499217710e+01,0.000000000000000000e+00
2.303599374021909441e+01,0.000000000000000000e+00
2.403755868544600816e+01,4.347025495750708401e+00
2.503912363067292546e+01,4.347025495750708401e+00
2.604068857589984276e+01,4.347025495750708401e+00
2.704225352112676006e+01,4.347025495750708401e+00
2.804381846635367737e+01,4.347025495750708401e+00
2.904538341158059467e+01,4.347025495750708401e+00
3.004694835680751197e+01,4.347025495750708401e+00
3.104851330203442927e+01,4.347025495750708401e+00
3.205007824726134658e+01,0.000000000000000000e+00
3.305164319248826388e+01,0.000000000000000000e+00
3.405320813771518118e+01,0.000000000000000000e+00
3.505477308294209848e+01,0.000000000000000000e+00
3.605633802816901579e+01,0.000000000000000000e+00
3.705790297339593309e+01,0.000000000000000000e+00
3.805946791862285039e+01,0.000000000000000000e+00
3.906103286384976769e+01,0.000000000000000000e+00
4.006259780907668500e+01,0.000000000000000000e+00
4.106416275430360230e+01,0.000000000000000000e+00
4.206572769953051960e+01,0.000000000000000000e+00
4.306729264475743690e+01,4.347025495750708401e+00
4.406885758998435421e+01,4.347025495750708401e+00
4.507042253521127151e+01,0.000000000000000000e+00
4.607198748043818881e+01,0.000000000000000000e+00
4.707355242566510611e+01,0.000000000000000000e+00
4.807511737089201631e+01,4.347025495750708401e+00
4.907668231611893361e+01,4.347025495750708401e+00
5.007824726134585092e+01,4.347025495750708401e+00
5.107981220657276822e+01,4.347025495750708401e+00
5.208137715179968552e+01,4.347025495750708401e+00
5.308294209702660282e+01,4.347025495750708401e+00
5.408450704225352013e+01,4.347025495750708401e+00
5.508607198748043743e+01,4.347025495750708401e+00
5.608763693270735473e+01,7.245042492917847632e+00
5.708920187793427203e+01,7.245042492917847632e+00
5.809076682316118934e+01,7.245042492917847632e+00
5.909233176838810664e+01,1.159206798866855515e+01
6.009389671361502394e+01,1.159206798866855515e+01
6.109546165884194124e+01,1.593909348441926355e+01
6.209702660406885855e+01,1.593909348441926355e+01
6.309859154929577585e+01,1.593909348441926355e+01
6.410015649452269315e+01,1.449008498583569526e+01
6.510172143974961045e+01,1.449008498583569526e+01
6.610328638497652776e+01,1.449008498583569526e+01
6.710485133020344506e+01,1.449008498583569526e+01
6.810641627543036236e+01,1.449008498583569526e+01
6.910798122065727966e+01,1.449008498583569526e+01
7.010954616588419697e+01,1.449008498583569526e+01
7.111111111111111427e+01,1.449008498583569526e+01
7.211267605633803157e+01,1.159206798866855515e+01
7.311424100156494887e+01,1.159206798866855515e+01
7.411580594679186618e+01,1.449008498583569526e+01
7.511737089201878348e+01,1.738810198300283361e+01
7.611893583724570078e+01,2.173512747875354023e+01
7.712050078247261808e+01,2.608215297450425041e+01
7.812206572769953539e+01,2.608215297450425041e+01
7.912363067292645269e+01,3.042917847025496059e+01
8.012519561815336999e+01,1.449008498583569526e+01
8.112676056338028729e+01,1.449008498583569526e+01
8.212832550860720460e+01,1.449008498583569526e+01
8.312989045383412190e+01,1.449008498583569526e+01
8.413145539906103920e+01,1.449008498583569526e+01
8.513302034428795650e+01,1.449008498583569526e+01
8.613458528951487381e+01,1.449008498583569526e+01
8.713615023474179111e+01,1.449008498583569526e+01
8.813771517996870841e+01,1.738810198300283361e+01
8.913928012519562571e+01,1.738810198300283361e+01
9.014084507042254302e+01,2.173512747875354023e+01
9.114241001564946032e+01,2.173512747875354023e+01
9.214397496087637762e+01,2.173512747875354023e+01
9.314553990610329492e+01,2.608215297450425041e+01
9.414710485133021223e+01,2.608215297450425041e+01
9.514866979655712953e+01,2.608215297450425041e+01
9.615023474178403262e+01,2.028611898016997372e+01
9.715179968701094992e+01,2.028611898016997372e+01
9.815336463223786723e+01,2.028611898016997372e+01
9.915492957746478453e+01,2.028611898016997372e+01
1.001564945226917018e+02,2.028611898016997372e+01
1.011580594679186191e+02,2.028611898016997372e+01
1.021596244131455364e+02,2.028611898016997372e+01
1.031611893583724537e+02,2.028611898016997372e+01
1.041627543035993710e+02,1.883711048158640011e+01
1.051643192488262883e+02,2.028611898016997372e+01
1.061658841940532056e+02,2.028611898016997372e+01
1.071674491392801229e+02,2.318413597733711029e+01
1.081690140845070403e+02,2.318413597733711029e+01
1.091705790297339576e+02,2.028611898016997372e+01
1.101721439749608749e+02,2.028611898016997372e+01
1.111737089201877922e+02,1.883711048158640011e+01
1.121752738654147095e+02,1.883711048158640011e+01
1.131768388106416268e+02,1.593909348441926355e+01
1.141784037558685441e+02,1.449008498583569526e+01
1.151799687010954614e+02,1.449008498583569526e+01
1.161815336463223787e+02,1.449008498583569526e+01
1.171830985915492960e+02,1.593909348441926355e+01
1.181846635367762133e+02,2.173512747875354023e+01
1.191862284820031306e+02,2.608215297450425041e+01
1.201877934272300479e+02,3.042917847025496059e+01
1.211893583724569652e+02,3.767422096317280023e+01
1.221909233176838825e+02,3.912322946175637384e+01
1.231924882629107998e+02,4.491926345609065407e+01
1.241940532081377171e+02,4.636827195467422058e+01
1.251956181533646344e+02,5.071529745042492721e+01
1.261971830985915517e+02,5.071529745042492721e+01
1.271987480438184690e+02,5.651133144475920744e+01
1.282003129890453863e+02,4.491926345609065407e+01
1.292018779342722894e+02,4.491926345609065407e+01
1.302034428794992209e+02,4.781728045325779419e+01
1.312050078247261240e+02,4.781728045325779419e+01
1.322065727699530555e+02,5.216430594900850082e+01
1.332081377151799586e+02,5.506232294617563383e+01
1.342097026604068901e+02,6.085835694050992117e+01
1.352112676056337932e+02,6.230736543909348768e+01
1.362128325508607247e+02,6.230736543909348768e+01
1.372143974960876278e+02,6.230736543909348768e+01
1.382159624413145593e+02,6.230736543909348768e+01
1.392175273865414624e+02,6.520538243626062069e+01
1.402190923317683939e+02,6.665439093484420141e+01
1.412206572769952970e+02,6.665439093484420141e+01
1.422222222222222285e+02,6.955240793201133442e+01
1.432237871674491316e+02,6.955240793201133442e+01
1.442253521126760631e+02,7.389943342776204815e+01
1.452269170579029662e+02,7.389943342776204815e+01
1.462284820031298977e+02,7.389943342776204815e+01
1.472300469483568008e+02,7.100141643059490093e+01
1.482316118935837324e+02,6.810339943342776792e+01
1.492331768388106354e+02,6.810339943342776792e+01
1.502347417840375670e+02,6.520538243626062069e+01
1.512363067292644701e+02,6.520538243626062069e+01
1.522378716744914016e+02,7.100141643059490093e+01
1.532394366197183047e+02,7.100141643059490093e+01
1.542410015649452362e+02,7.100141643059490093e+01
1.552425665101721393e+02,7.100141643059490093e+01
1.562441314553990708e+02,7.100141643059490093e+01
1.572456964006259739e+02,6.810339943342776792e+01
1.582472613458529054e+02,6.810339943342776792e+01
1.592488262910798085e+02,6.520538243626062069e+01
1.602503912363067400e+02,4.781728045325779419e+01
1.612519561815336431e+02,4.781728045325779419e+01
1.622535211267605746e+02,5.216430594900850082e+01
1.632550860719874777e+02,5.216430594900850082e+01
1.642566510172144092e+02,5.216430594900850082e+01
1.652582159624413123e+02,4.781728045325779419e+01
1.662597809076682438e+02,4.491926345609065407e+01
1.672613458528951469e+02,4.491926345609065407e+01
1.682629107981220784e+02,4.202124645892351396e+01
1.692644757433489815e+02,4.491926345609065407e+01
1.702660406885759130e+02,5.216430594900850082e+01
1.712676056338028161e+02,6.085835694050992117e+01
1.722691705790297476e+02,6.085835694050992117e+01
1.732707355242566507e+02,5.651133144475920744e+01
1.742723004694835822e+02,5.216430594900850082e+01
1.752738654147104853e+02,4.781728045325779419e+01
1.762754303599374168e+02,6.520538243626062069e+01
1.772769953051643199e+02,6.230736543909348768e+01
1.782785602503912514e+02,6.230736543909348768e+01
1.792801251956181545e+02,6.520538243626062069e+01
1.802816901408450860e+02,7.534844192634560045e+01
1.812832550860719891e+02,8.259348441926346140e+01
1.822848200312989206e+02,8.838951841359772743e+01
1.832863849765258237e+02,8.694050991501416092e+01
1.842879499217527552e+02,9.273654390934844116e+01
1.852895148669796583e+02,9.708356940509915489e+01
1.862910798122065898e+02,1.014305949008498544e+02
1.872926447574334929e+02,1.086756373937677154e+02
1.882942097026604245e+02,1.188186968838526951e+02
1.892957746478873275e+02,1.246147308781869754e+02
1.902973395931142591e+02,1.289617563739376749e+02
1.912989045383411622e+02,1.333087818696884028e+02
1.923004694835680652e+02,1.477988668555240963e+02
1.933020344287949968e+02,1.420028328611898019e+02
1.943035993740218998e+02,1.391048158640226688e+02
1.953051643192488314e+02,1.463498583569405014e+02
1.963067292644757345e+02,1.593909348441926284e+02
1.973082942097026660e+02,1.753300283286119168e+02
1.983098591549295691e+02,1.811260623229461828e+02
1.993114241001565006e+02,1.811260623229461828e+02
2.003129890453834037e+02,1.738810198300283218e+02
2.013145539906103352e+02,1.680849858356940558e+02
2.023161189358372383e+02,1.550439093484419288e+02
2.033176838810641698e+02,1.506968838526912009e+02
2.043192488262910729e+02,1.521458923512747958e+02
2.053208137715180044e+02,1.506968838526912009e+02
2.063223787167449075e+02,1.420028328611898019e+02
2.073239436619718390e+02,1.304107648725212414e+02
2.083255086071987421e+02,1.260637393767705419e+02
2.093270735524256736e+02,1.217167138810198423e+02
2.103286384976525767e+02,1.173696883852691286e+02
2.113302034428795082e+02,1.086756373937677154e+02
2.123317683881064113e+02,1.043286118980170016e+02
2.133333333333333428e+02,9.418555240793202188e+01
2.143348982785602459e+02,8.694050991501416092e+01
2.153364632237871774e+02,8.694050991501416092e+01
2.163380281690140805e+02,8.838951841359772743e+01
2.173395931142410120e+02,8.114447592067989490e+01
2.183411580594679151e+02,7.389943342776204815e+01
2.193427230046948466e+02,7.100141643059490093e+01
2.203442879499217497e+02,7.100141643059490093e+01
2.213458528951486812e+02,7.100141643059490093e+01
2.223474178403755843e+02,7.389943342776204815e+01
2.233489827856025158e+02,7.969546742209631418e+01
2.243505477308294189e+02,8.549150141643060863e+01
2.253521126760563504e+02,8.694050991501416092e+01
2.263536776212832535e+02,9.273654390934844116e+01
2.273552425665101850e+02,9.853257790368273561e+01
2.283568075117370881e+02,1.159206798866855621e+02
2.293583724569640196e+02,1.289617563739376749e+02
2.303599374021909227e+02,1.463498583569405014e+02
2.313615023474178543e+02,1.622889518413597898e+02
2.323630672926447573e+02,1.898201133144475818e+02
2.333646322378716889e+02,1.985141643059490093e+02
2.343661971830985919e+02,2.115552407932011363e+02
2.353677621283255235e+02,2.274943342776204247e+02
2.363693270735524266e+02,2.419844192634560898e+02
2.373708920187793581e+02,2.651685552407932391e+02
2.383724569640062612e+02,2.825566572237960372e+02
2.393740219092331927e+02,2.955977337110481926e+02
2.403755868544600958e+02,3.318229461756374121e+02
2.413771517996870273e+02,3.332719546742209786e+02
2.423787167449139304e+02,3.390679886685552447e+02
2.433802816901408619e+02,3.535580736543909097e+02
2.443818466353677650e+02,3.738441926345608977e+02
2.453834115805946965e+02,3.984773371104816420e+02
2.463849765258215996e+02,4.216614730878187061e+02
2.473865414710485311e+02,4.347025495750708615e+02
2.483881064162754342e+02,4.578866855524079256e+02
2.493896713615023657e+02,4.462946175637393935e+02
2.503912363067292688e+02,4.332535410764872950e+02
2.513928012519562003e+02,4.347025495750708615e+02
2.523943661971831034e+02,4.477436260623229600e+02
2.533959311424100349e+02,4.506416430594901499e+02
2.543974960876369380e+02,4.404985835694050706e+02
2.553990610328638695e+02,4.318045325779036716e+02
2.564006259780907726e+02,4.448456090651558270e+02
2.574021909233176757e+02,4.404985835694050706e+02
2.584037558685445788e+02,4.318045325779036716e+02
2.594053208137715387e+02,4.216614730878187061e+02
2.604068857589984418e+02,4.071713881019830410e+02
2.614084507042253449e+02,3.810892351274787870e+02
2.624100156494522480e+02,3.492110481586402102e+02
2.634115805946792079e+02,3.173328611898016902e+02
2.644131455399061110e+02,2.883526912181303032e+02
2.654147104851330141e+02,2.738626062322946382e+02
2.664162754303599172e+02,2.492294617563739507e+02
2.674178403755868771e+02,2.260453257790368298e+02
2.684194053208137802e+02,2.101062322946175698e+02
2.694209702660406833e+02,1.840240793201133442e+02
2.704225352112675864e+02,1.622889518413597898e+02
2.714241001564945464e+02,1.463498583569405014e+02
2.724256651017214494e+02,1.217167138810198423e+02
2.734272300469483525e+02,1.173696883852691286e+02
2.744287949921752556e+02,1.086756373937677154e+02
2.754303599374022156e+02,9.998158640226628791e+01
2.764319248826291187e+02,9.273654390934844116e+01
2.774334898278560217e+02,8.694050991501416092e+01
2.784350547730829248e+02,8.694050991501416092e+01
2.794366197183098848e+02,8.694050991501416092e+01
2.804381846635367879e+02,1.086756373937677154e+02
2.814397496087636910e+02,1.260637393767705419e+02
2.824413145539905940e+02,1.506968838526912009e+02
2.834428794992175540e+02,1.724320113314447553e+02
2.844444444444444571e+02,1.956161473087818763e+02
2.854460093896713602e+02,2.202492917847025353e+02
2.864475743348982633e+02,2.506784702549575172e+02
2.874491392801252232e+02,2.695155807365439387e+02
2.884507042253521263e+02,3.535580736543909097e+02
2.894522691705790294e+02,3.694971671388101981e+02
2.904538341158059325e+02,4.042733711048159080e+02
2.914553990610328924e+02,4.506416430594901499e+02
2.924569640062597955e+02,4.955609065155807684e+02
2.934585289514866986e+02,5.274390934844192316e+02
2.944600938967136017e+02,5.477252124645892764e+02
2.954616588419405616e+02,5.520722379603399759e+02
2.964632237871674647e+02,6.042365439093484838e+02
2.974647887323943678e+02,6.245226628895184149e+02
2.984663536776212709e+02,6.477067988668555927e+02
2.994679186228482308e+02,6.578498583569405582e+02
3.004694835680751339e+02,6.650949008498583908e+02
3.014710485133020370e+02,6.868300283286118884e+02
3.024726134585289401e+02,6.998711048158641006e+02
3.034741784037559000e+02,6.984220963172804204e+02
3.044757433489828031e+02,7.245042492917847312e+02
3.054773082942097062e+02,7.404433427762040765e+02
3.064788732394366093e+02,7.578314447592068746e+02
3.074804381846635692e+02,7.650764872521247071e+02
3.084820031298904723e+02,7.563824362606233080e+02
3.094835680751173754e+02,7.534844192634561750e+02
3.104851330203442785e+02,7.679745042492917264e+02
3.114866979655712385e+02,7.839135977337110717e+02
3.124882629107981415e+02,7.592804532577903274e+02
3.134898278560250446e+02,7.621784702549575741e+02
3.144913928012519477e+02,7.447903682719547760e+02
3.154929577464789077e+02,7.245042492917847312e+02
3.164945226917058108e+02,7.114631728045325190e+02
3.174960876369327138e+02,7.027691218130311199e+02
3.184976525821596169e+02,6.752379603399433563e+02
3.194992175273865769e+02,6.390127478753540800e+02
3.205007824726134800e+02,6.303186968838526809e+02
3.215023474178403831e+02,6.114815864022663163e+02
3.225039123630672862e+02,5.897464589235127050e+02
3.235054773082941892e+02,5.723583569405099070e+02
3.245070422535211492e+02,5.520722379603399759e+02
3.255086071987480523e+02,5.172960339943342660e+02
3.265101721439749554e+02,4.781728045325779135e+02
3.275117370892018585e+02,4.462946175637393935e+02
3.285133020344288184e+02,4.013753541076487181e+02
3.295148669796557215e+02,3.593541076487252326e+02
3.305164319248826246e+02,3.100878186968838577e+02
3.315179968701095277e+02,2.579235127478753498e+02
3.325195618153364876e+02,2.144532577903682977e+02
3.335211267605633907e+02,1.796770538243626163e+02
3.345226917057902938e+02,1.521458923512747958e+02
3.355242566510171969e+02,1.405538243626062354e+02
3.365258215962441568e+02,1.173696883852691286e+02
3.375273865414710599e+02,1.231657223796033946e+02
3.385289514866979630e+02,1.304107648725212414e+02
3.395305164319248661e+02,1.318597733711048079e+02
3.405320813771518260e+02,1.405538243626062354e+02
3.415336463223787291e+02,1.608399433427762233e+02
3.425352112676056322e+02,1.927181303116147433e+02
3.435367762128325353e+02,2.188002832861189972e+02
3.445383411580594952e+02,2.579235127478753498e+02
3.455399061032863983e+02,3.028427762039660252e+02
3.465414710485133014e+02,3.694971671388101981e+02
3.475430359937402045e+02,4.347025495750708615e+02
3.485446009389671644e+02,4.868668555240793694e+02
3.495461658841940675e+02,5.346841359773371778e+02
3.505477308294209706e+02,5.651133144475920744e+02
3.515492957746478737e+02,5.839504249291785527e+02
3.525508607198748336e+02,6.940750708215297209e+02
3.535524256651017367e+02,7.129121813031161992e+02
3.545539906103286398e+02,7.317492917847026774e+02
3.555555555555555429e+02,7.418923512747875293e+02
3.565571205007825029e+02,7.505864022662889283e+02
3.575586854460094060e+02,7.781175637393768056e+02
3.585602503912363090e+02,8.201388101983002343e+02
3.595618153364632121e+02,8.534660056657224914e+02
3.605633802816901721e+02,9.027322946175637526e+02
3.615649452269170752e+02,9.259164305949009304e+02
3.625665101721439783e+02,9.563456090651558270e+02
3.635680751173708813e+02,9.780807365439094383e+02
3.645696400625978413e+02,9.896728045325778567e+02
3.655712050078247444e+02,9.940198300283286699e+02
3.665727699530516475e+02,9.954688385269122364e+02
3.675743348982785506e+02,9.940198300283286699e+02
3.685758998435055105e+02,1.020101983002832867e+03
3.695774647887324136e+02,1.018652974504249414e+03
3.705790297339593167e+02,1.018652974504249414e+03
3.715805946791862198e+02,1.023000000000000000e+03
3.725821596244131797e+02,1.021550991501416433e+03
3.735837245696400828e+02,1.018652974504249414e+03
3.745852895148669859e+02,1.005611898016997202e+03
3.755868544600938890e+02,1.001264872521246502e+03
3.765884194053208489e+02,9.650396600566572261e+02
3.775899843505477520e+02,9.418555240793201619e+02
3.785915492957746551e+02,9.070793201133144521e+02
3.795931142410015582e+02,8.867932011331445210e+02
3.805946791862285181e+02,8.679560906515580427e+02
3.815962441314554212e+02,8.418739376770538456e+02
3.825978090766823243e+02,8.114447592067988353e+02
3.835993740219092274e+02,7.795665722379603721e+02
3.846009389671361305e+02,7.418923512747875293e+02
3.856025039123630904e+02,7.245042492917847312e+02
3.866040688575899935e+02,6.781359773371104893e+02
3.876056338028168966e+02,6.245226628895184149e+02
3.886071987480437997e+02,5.796033994334278532e+02
3.896087636932707596e+02,5.477252124645892764e+02
3.906103286384976627e+02,4.970099150141643349e+02
3.916118935837245658e+02,4.448456090651558270e+02
3.926134585289514689e+02,4.231104815864022726e+02
3.936150234741784288e+02,3.361699716713881116e+02
3.946165884194053319e+02,2.869036827195467367e+02
3.956181533646322350e+02,2.622705382436261061e+02
3.966197183098591381e+02,2.057592067988668703e+02
3.976212832550860981e+02,1.709830028328612173e+02
3.986228482003130011e+02,1.477988668555240963e+02
3.996244131455399042e+02,1.072266288951841489e+02
4.006259780907668073e+02,1.086756373937677154e+02
4.016275430359937673e+02,1.086756373937677154e+02
4.026291079812206704e+02,1.115736543909348484e+02
4.036306729264475734e+02,1.202677053824362758e+02
4.046322378716744765e+02,1.391048158640226688e+02
4.056338028169014365e+02,1.796770538243626163e+02
4.066353677621283396e+02,2.245963172804532633e+02
4.076369327073552427e+02,2.666175637393768056e+02
4.086384976525821457e+02,3.245779036827195796e+02
4.096400625978091057e+02,3.665991501416430651e+02
4.106416275430360088e+02,4.289065155807365954e+02
4.116431924882629119e+02,4.854178470254958029e+02
4.126447574334898150e+02,5.274390934844192316e+02
4.136463223787167749e+02,5.593172804532578084e+02
4.146478873239436780e+02,5.796033994334278532e+02
4.156494522691705811e+02,5.926444759206799517e+02
4.166510172143974842e+02,6.636458923512748243e+02
4.176525821596244441e+02,6.911770538243625879e+02
4.186541471048513472e+02,7.303002832861189972e+02
4.196557120500782503e+02,7.563824362606233080e+02
4.206572769953051534e+02,7.708725212464589731e+02
4.216588419405321133e+02,7.868116147308782047e+02
4.226604068857590164e+02,8.201388101983002343e+02
4.236619718309859195e+02,8.476699716713881116e+02
4.246635367762128226e+02,8.694050991501417229e+02
4.256651017214397825e+02,8.795481586402266885e+02
4.266666666666666856e+02,8.954872521246459200e+02
4.276682316118935887e+02,9.114263456090651516e+02
4.286697965571204918e+02,9.215694050991502309e+02
4.296713615023474517e+02,9.186713881019830978e+02
4.306729264475743548e+02,9.114263456090651516e+02
4.316744913928012579e+02,9.085283286118980186e+02
4.326760563380281610e+02,9.186713881019830978e+02
4.336776212832551209e+02,9.070793201133144521e+02
4.346791862284820240e+02,8.940382436260623535e+02
4.356807511737089271e+02,8.867932011331445210e+02
4.366823161189358302e+02,8.824461756373938215e+02
4.376838810641627902e+02,8.679560906515580427e+02
4.386854460093896932e+02,8.375269121813031461e+02
4.396870109546165963e+02,8.143427762039660820e+02
4.406885758998434994e+02,8.070977337110481358e+02
4.416901408450704594e+02,7.839135977337110717e+02
4.426917057902973625e+02,7.592804532577903274e+02
4.436932707355242655e+02,7.375453257790368298e+02
4.446948356807511686e+02,7.216062322946175982e+02
4.456964006259781286e+02,7.013201133144476671e+02
4.466979655712050317e+02,6.650949008498583908e+02
4.476995305164319348e+02,6.361147308781870606e+02
4.487010954616588378e+02,5.940934844192634046e+02
4.497026604068857409e+02,5.738073654390934735e+02
4.507042253521127009e+02,5.419291784702550103e+02
4.517057902973396040e+02,5.057039660056657340e+02
4.527073552425665071e+02,4.709277620396600810e+02
4.537089201877934102e+02,4.361515580736543711e+02
4.547104851330203701e+02,3.970283286118980186e+02
4.557120500782472732e+02,3.665991501416430651e+02
4.567136150234741763e+02,2.898016997167139266e+02
4.577151799687010794e+02,2.448824362606232512e+02
4.587167449139280393e+02,1.883711048158640438e+02
4.597183098591549424e+02,1.420028328611898019e+02
4.607198748043818455e+02,1.173696883852691286e+02
4.617214397496087486e+02,9.853257790368273561e+01
4.627230046948357085e+02,8.404249291784702791e+01
4.637245696400626116e+02,7.534844192634560045e+01
4.647261345852895147e+02,7.389943342776204815e+01
4.657276995305164178e+02,7.534844192634560045e+01
4.667292644757433777e+02,8.114447592067989490e+01
4.677308294209702808e+02,8.694050991501416092e+01
4.687323943661971839e+02,1.014305949008498544e+02
4.697339593114240870e+02,1.159206798866855621e+02
4.707355242566510469e+02,1.362067988668555358e+02
4.717370892018779500e+02,1.535949008498583623e+02
4.727386541471048531e+02,1.956161473087818763e+02
4.737402190923317562e+02,2.188002832861189972e+02
4.747417840375587161e+02,2.521274787535410837e+02
4.757433489827856192e+02,2.825566572237960372e+02
4.767449139280125223e+02,3.115368271954674810e+02
4.777464788732394254e+02,3.361699716713881116e+02
4.787480438184663853e+02,3.608031161473087991e+02
4.797496087636932884e+02,3.810892351274787870e+02
4.807511737089201915e+02,4.100694050991501172e+02
4.817527386541470946e+02,4.404985835694050706e+02
4.827543035993740546e+02,4.738257790368272140e+02
4.837558685446009576e+02,4.825198300283286130e+02
4.847574334898278607e+02,4.796218130311614800e+02
4.857589984350547638e+02,4.839688385269121795e+02
4.867605633802817238e+02,5.086019830028328670e+02
4.877621283255086269e+02,5.317861189801699311e+02
4.887636932707355299e+02,5.288881019830029118e+02
4.897652582159624330e+02,5.274390934844192316e+02
4.907668231611893930e+02,5.245410764872522122e+02
4.917683881064162961e+02,5.216430594900849655e+02
4.927699530516431992e+02,5.332351274787536113e+02
4.937715179968701023e+02,5.448271954674221433e+02
4.947730829420970622e+02,5.332351274787536113e+02
4.957746478873239653e+02,5.086019830028328670e+02
4.967762128325508684e+02,5.274390934844192316e+02
4.977777777777777715e+02,5.346841359773371778e+02
4.987793427230047314e+02,5.332351274787536113e+02
4.997809076682316345e+02,5.158470254957506995e+02
5.007824726134585376e+02,4.854178470254958029e+02
5.017840375586854407e+02,4.622337110481586251e+02
5.027856025039124006e+02,4.491926345609065265e+02
5.037871674491393037e+02,4.491926345609065265e+02
5.047887323943662068e+02,4.607847025495751154e+02
5.057902973395931099e+02,4.535396600566572261e+02
5.067918622848200698e+02,4.289065155807365954e+02
5.077934272300469729e+02,3.781912181303116540e+02
5.087949921752738760e+02,3.419660056657224345e+02
5.097965571205007791e+02,3.158838526912181806e+02
5.107981220657277390e+02,2.840056657223796037e+02
5.117996870109546421e+02,2.506784702549575172e+02
5.128012519561815452e+02,2.202492917847025353e+02
5.138028169014085051e+02,2.057592067988668703e+02
5.148043818466353514e+02,1.825750708215297493e+02
5.158059467918623113e+02,1.550439093484419288e+02
5.168075117370891576e+02,1.333087818696884028e+02
5.178090766823161175e+02,1.159206798866855621e+02
5.188106416275430774e+02,1.057776203966005681e+02
5.198122065727699237e+02,9.853257790368273561e+01
5.208137715179968836e+02,8.838951841359772743e+01
5.218153364632238436e+02,8.114447592067989490e+01
5.228169014084506898e+02,7.100141643059490093e+01
5.238184663536776497e+02,5.940934844192634756e+01
5.248200312989044960e+02,5.361331444759207443e+01
5.258215962441314559e+02,4.926628895184136780e+01
5.268231611893584159e+02,4.926628895184136780e+01
5.278247261345852621e+02,4.926628895184136780e+01
5.288262910798122221e+02,3.912322946175637384e+01
5.298278560250391820e+02,3.912322946175637384e+01
5.308294209702660282e+02,4.347025495750708046e+01
5.318309859154929882e+02,4.781728045325779419e+01
5.328325508607198344e+02,5.361331444759207443e+01
5.338341158059467944e+02,6.230736543909348768e+01
5.348356807511737543e+02,7.100141643059490093e+01
5.358372456964006005e+02,7.824645892351274767e+01
5.368388106416275605e+02,7.824645892351274767e+01
5.378403755868545204e+02,8.694050991501416092e+01
5.388419405320813667e+02,9.563456090651558839e+01
5.398435054773083266e+02,1.086756373937677154e+02
5.408450704225351728e+02,1.130226628895184149e+02
5.418466353677621328e+02,1.173696883852691286e+02
5.428482003129890927e+02,1.173696883852691286e+02
5.438497652582159390e+02,1.130226628895184149e+02
5.448513302034428989e+02,1.492478753541076628e+02
5.458528951486698588e+02,1.477988668555240963e+02
5.468544600938967051e+02,1.477988668555240963e+02
5.478560250391236650e+02,1.506968838526912009e+02
5.488575899843505113e+02,1.579419263456090903e+02
5.498591549295774712e+02,1.622889518413597898e+02
5.508607198748044311e+02,1.579419263456090903e+02
5.518622848200312774e+02,1.535949008498583623e+02
5.528638497652582373e+02,1.506968838526912009e+02
5.538654147104851972e+02,1.506968838526912009e+02
5.548669796557120435e+02,1.535949008498583623e+02
5.558685446009390034e+02,1.564929178470254953e+02
5.568701095461658497e+02,1.564929178470254953e+02
5.578716744913928096e+02,1.550439093484419288e+02
5.588732394366197695e+02,1.521458923512747958e+02
5.598748043818466158e+02,1.521458923512747958e+02
5.608763693270735757e+02,1.275127478753541084e+02
5.618779342723005357e+02,1.275127478753541084e+02
5.628794992175273819e+02,1.289617563739376749e+02
5.638810641627543419e+02,1.275127478753541084e+02
5.648826291079811881e+02,1.231657223796033946e+02
5.658841940532081480e+02,1.188186968838526951e+02
5.668857589984351080e+02,1.101246458923512677e+02
5.678873239436619542e+02,1.057776203966005681e+02
5.688888888888889142e+02,9.708356940509915489e+01
5.698904538341158741e+02,8.694050991501416092e+01
5.708920187793427203e+02,7.679745042492918117e+01
5.718935837245696803e+02,6.955240793201133442e+01
5.728951486697965265e+02,6.520538243626062069e+01
5.738967136150234865e+02,6.230736543909348768e+01
5.748982785602504464e+02,5.361331444759207443e+01
5.758998435054772926e+02,4.636827195467422058e+01
5.769014084507042526e+02,4.781728045325779419e+01
5.779029733959310988e+02,5.216430594900850082e+01
5.789045383411580588e+02,4.636827195467422058e+01
5.799061032863850187e+02,4.057223796033994745e+01
5.809076682316118649e+02,3.042917847025496059e+01
5.819092331768388249e+02,2.753116147308781692e+01
5.829107981220657848e+02,3.332719546742210071e+01
5.839123630672926311e+02,3.767422096317280023e+01
5.849139280125195910e+02,2.463314447592068390e+01
5.859154929577464372e+02,2.608215297450425041e+01
5.869170579029733972e+02,2.608215297450425041e+01
5.879186228482003571e+02,2.898016997167139053e+01
5.889201877934272034e+02,3.187818696883852709e+01
5.899217527386541633e+02,3.332719546742210071e+01
5.909233176838811232e+02,3.477620396600566721e+01
5.919248826291079695e+02,3.477620396600566721e+01
5.929264475743349294e+02,2.898016997167139053e+01
5.939280125195617757e+02,2.898016997167139053e+01
5.949295774647887356e+02,2.898016997167139053e+01
5.959311424100156955e+02,2.898016997167139053e+01
5.969327073552425418e+02,2.898016997167139053e+01
5.979342723004695017e+02,2.898016997167139053e+01
5.989358372456964617e+02,3.042917847025496059e+01
5.999374021909233079e+02,3.042917847025496059e+01
6.009389671361502678e+02,3.332719546742210071e+01
6.019405320813771141e+02,3.332719546742210071e+01
6.029420970266040740e+02,3.477620396600566721e+01
6.039436619718310340e+02,3.622521246458924082e+01
6.049452269170578802e+02,4.057223796033994745e+01
6.059467918622848401e+02,4.347025495750708046e+01
6.069483568075118001e+02,4.636827195467422058e+01
6.079499217527386463e+02,4.636827195467422058e+01
6.089514866979656063e+02,4.491926345609065407e+01
6.099530516431924525e+02,4.781728045325779419e+01
6.109546165884194124e+02,4.781728045325779419e+01
6.119561815336463724e+02,5.216430594900850082e+01
6.129577464788732186e+02,5.506232294617563383e+01
6.139593114241001786e+02,5.071529745042492721e+01
6.149608763693271385e+02,5.071529745042492721e+01
6.159624413145539847e+02,4.781728045325779419e+01
6.169640062597809447e+02,5.071529745042492721e+01
6.179655712050077909e+02,5.071529745042492721e+01
6.189671361502347509e+02,5.071529745042492721e+01
6.199687010954617108e+02,5.071529745042492721e+01
6.209702660406885570e+02,5.506232294617563383e+01
6.219718309859155170e+02,5.506232294617563383e+01
6.229733959311424769e+02,5.940934844192634756e+01
6.239749608763693232e+02,6.375637393767705419e+01
6.249765258215962831e+02,6.520538243626062069e+01
6.259780907668231293e+02,5.216430594900850082e+01
6.269796557120500893e+02,4.347025495750708046e+01
6.279812206572770492e+02,4.202124645892351396e+01
6.289827856025038955e+02,4.202124645892351396e+01
6.299843505477308554e+02,4.347025495750708046e+01
6.309859154929578153e+02,4.057223796033994745e+01
6.319874804381846616e+02,3.622521246458924082e+01
6.329890453834116215e+02,4.057223796033994745e+01
6.339906103286384678e+02,3.332719546742210071e+01
6.349921752738654277e+02,2.753116147308781692e+01
6.359937402190923876e+02,2.753116147308781692e+01
6.369953051643192339e+02,2.898016997167139053e+01
6.379968701095461938e+02,3.477620396600566721e+01
6.389984350547731538e+02,3.477620396600566721e+01
6.400000000000000000e+02,3.477620396600566721e+01
